# sample
# Ch/DAC 0    1    2    3    4    5    6    7    8    9   10   11   12   13   14   15
 100  4095 4095 4095 4095 4095 4095 4095 4095 4095 4095 4095 4095 4095 4095 4095 4095
 200  4095 4095 4095 4095 4095 4095 4095 4095 4095 4095 4095 4095 4095 4095 4095 4095
 300  4095 4095 4095 4095 4095 4095 4095 4095 4095 4095 4095 4095 4095 4095 4095 4095
 400  4095 4095 4095 4095 4095 4095 4095 4095 4095 4095 4095 4095 4095 4095 4095 4095
 500  4095 4095 4095 4095 4095 4095 4095 4095 4095 4095 4095 4095 4095 4095 4095 4095
 600  4095 4095 4095 4095 4095 4095 4095 4095 4095 4095 4095 4095 4095 4095 4095 4095
 700  4095 4095 4095 4095 4095 4095 4095 4095 4095 4095 4095 4095 4095 4095 4095 4095
 800  4090 4095 4062 4073 4043 4065 4045 4064 4047 4095 4095 4078 4066 4080 4068 4064
 900  3915 3941 3886 3896 3869 3889 3870 3889 3872 3923 3927 3901 3892 3905 3891 3889
1000  3737 3760 3705 3717 3694 3710 3695 3712 3694 3744 3745 3722 3717 3728 3713 3712
1100  3557 3578 3528 3540 3516 3535 3520 3538 3520 3563 3563 3546 3541 3549 3536 3538
1200  3380 3396 3349 3362 3340 3358 3343 3363 3343 3383 3381 3367 3365 3371 3357 3363
1300  3203 3216 3171 3183 3165 3182 3168 3187 3168 3204 3200 3190 3189 3193 3181 3187
1400  3026 3035 2995 3007 2990 3006 2994 3014 2994 3024 3021 3014 3015 3017 3004 3014
1500  2848 2855 2816 2829 2815 2830 2819 2839 2818 2845 2839 2837 2841 2840 2825 2839
1600  2670 2674 2638 2651 2638 2652 2643 2664 2642 2666 2659 2660 2666 2662 2648 2664
1700  2494 2494 2462 2475 2465 2477 2468 2490 2468 2488 2478 2484 2491 2487 2472 2490
1800  2316 2312 2284 2297 2288 2301 2292 2315 2292 2308 2298 2306 2316 2309 2294 2315
1900  2139 2132 2106 2120 2113 2124 2118 2140 2117 2128 2117 2129 2141 2132 2117 2140
2000  1963 1951 1929 1944 1938 1949 1944 1967 1943 1951 1938 1954 1968 1957 1942 1967
2100  1784 1771 1750 1765 1762 1773 1769 1792 1767 1772 1756 1777 1793 1779 1763 1792
2200  1607 1590 1573 1588 1587 1595 1593 1616 1591 1593 1576 1599 1617 1602 1586 1616
2300  1430 1410 1396 1411 1412 1420 1419 1442 1418 1415 1395 1424 1445 1425 1408 1442
2400  1254 1230 1218 1234 1236 1244 1245 1268 1242 1236 1215 1247 1270 1249 1233 1268
2500  1076 1049 1039 1056 1060 1067 1069 1092 1067 1057 1034 1069 1095 1072 1054 1092
2600   898  868  863  878  885  892  893  920  892  877  853  893  921  895  877  920
2700   720  687  684  701  709  714  719  744  716  697  673  716  746  718  701  744
2800   543  506  506  523  534  537  544  568  540  518  492  538  571  541  522  568
2900   364  324  326  344  358  359  367  392  364  337  309  359  394  362  343  392
3000   186  143  149  167  183  183  193  218  190  159  130  184  220  187  167  218
3100    10    0    0    0    8    7   18   44   15    0    0    7   45   11    0   44
3200     0    0    0    0    0    0    0    0    0    0    0    0    0    0    0    0
3300     0    0    0    0    0    0    0    0    0    0    0    0    0    0    0    0
3400     0    0    0    0    0    0    0    0    0    0    0    0    0    0    0    0
3500     0    0    0    0    0    0    0    0    0    0    0    0    0    0    0    0
3600     0    0    0    0    0    0    0    0    0    0    0    0    0    0    0    0
3700     0    0    0    0    0    0    0    0    0    0    0    0    0    0    0    0
3800     0    0    0    0    0    0    0    0    0    0    0    0    0    0    0    0
3900     0    0    0    0    0    0    0    0    0    0    0    0    0    0    0    0
4000     0    0    0    0    0    0    0    0    0    0    0    0    0    0    0    0
